0.000000  Tx  0x7DF   8  02 10 01 00 00 00 00 00
0.002000  Rx  0x7E8   8  02 50 01 00 00 00 00 00
0.010000  Tx  0x7DF   8  02 27 01 00 00 00 00 00
0.012000  Rx  0x7E8   8  04 67 01 12 34 00 00 00
0.020000  Tx  0x7DF   8  06 27 02 56 78 90 AB 00
0.022000  Rx  0x7E8   8  02 67 02 00 00 00 00 00
0.030000  Tx  0x7DF   8  03 22 F1 90 00 00 00 00
0.032000  Rx  0x7E8   8  10 14 62 F1 90 56 49 4E
0.034000  Rx  0x7E8   8  21 31 32 33 34 35 36 37
0.036000  Rx  0x7E8   8  22 38 39 30 41 42 43 44
0.045000  Tx  0x7DF   8  03 19 02 0A 00 00 00 00
0.047000  Rx  0x7E8   8  06 59 02 01 12 34 56 00
0.055000  Tx  0x7DF   8  03 31 01 FF 00 00 00 00
0.057000  Rx  0x7E8   8  02 71 01 FF 00 00 00 00
0.065000  Tx  0x7DF   8  03 3E 00 00 00 00 00 00
0.067000  Rx  0x7E8   8  03 7E 00 00 00 00 00 00
